#Grid{
111111111111111111111111001
100100000100100100000001001
100100000100100100000001001
100111100111111111111111111
111100100100100001001001001
100100100100100001001001001
100111111111111111111001001
100100100100100001000001001
100100100100100001000001001
111111111111111111111111001
100100100100010001001001001
100100100100010001001001001
100111100100111001001111111
100100100100010001001001001
100100100100010001001001001
111111111111111111111001111
100000100100100001000001001
100000100100100001000001001
100111111111111111111111111
100100100000100001001001001
100100100000100001001001001
111111111111111111111111001
000100001000100001000000001
000100001000100001000000001
111111111111111111111111111
}

#GridBoundaries{
00000000000000000000000000000
01111111111111111111111110010
01001000001001001000000010010
01001000001001001000000010010
01001111001111111111111111110
01111001001001000010010010010
01001001001001000010010010010
01001111111111111111110010010
01001001001001000010000010010
01001001001001000010000010010
01111111111111111111111110010
01001001001000100010010010010
01001001001000100010010010010
01001111001001110010011111110
01001001001000100010010010010
01001001001000100010010010010
01111111111111111111110011110
01000001001001000010000010010
01000001001001000010000010010
01001111111111111111111111110
01001001000001000010010010010
01001001000001000010010010010
01111111111111111111111110010
00001000010001000010000000010
00001000010001000010000000010
01111111111111111111111111110
00000000000000000000000000000
}